1111010110110100
1001101111110110
0110101011010100
1001101011110111
0101100011110110
1110010100110011
1001000000110010
1000101101001010
0111010100101010
0100000000101011
1100111001001111
1100001100101010
1010110101101001
1100111110010011
0100000110101010
0000100110101101
0000010010100111
1100010011011101
1101010111101001
0011110001101000
1111110010010110
1101110111000100
0111000100000111
0010001101110100
0101000001110010
0111010001010101
1000100000110001
1001000011001011
0000101000111001
1010111000000010
0001010001001110
0111100100011000
0011111010011001
0111111001110010
1110001111000110
0010001111010011
1101001110111110
0001010011111010
0110110100010111
0011110011111110
0001000111000100
1000110110011110
0111110100010111
0000000100111101
1100000111000100
0101101001100110
1101101110101010
1101011001011011
1101000001110001
1111011011111101
0101000100100100
1000100101010100
0001111100000110
1000001001111110
1011001001110110
1100011101010100
0110100001101111
1111001001110101
0000100111001111
1100110000101011
0111011100111101
0001011011001110
1001010000010011
0010100101101011
1101110010101011
1011001010010100
1101000010011111
1000100010100010
0010111010100001
0101101111111010
1011100100111000
1111000000100111
0000010010101110
0010110101111111
0011000000011011
0000000001010000
0101100010010011
0111001011111011
1101001110100110
0011001111110010
0110101111001001
0110110110110100
0100001110101111
1111001000000011
0111110111001000
1100100110111111
1111010000011011
1111010000000010
0011011100000010
0111101010000100
0011110100100100
0110000110010100
0101111000000011
1011011011000011
0000000110010100
0110001001010010
1011101111001000
0011110110111001
0011000010101011
1001111010110110
1000100101110000
0000110000001000
1110101111000111
1100011110001000
1100011001111111
0111011110100011
0001010100100000
1100111111111011
1001110001000110
0100011001111101
0110101011111111
0001101010000010
0000001101000010
1101001000110011
0000110111011010
0110101110001010
0000100000101010
1000110000101011
1011001110001110
0001111110100010
0101110110110000
0111000110001001
1000101111011000
0000011011001010
1111111001110001
0000110100101101
1110010101101011
0100111100100100
0001100011111100
0111111000010110
0110110100110001
1100100000001010
1010110101011010
1100011010011110
1110111100110110
0110011111000001
0111111000011111
0100110000001110
0110110001001110
1101000101011011
0001100110001101
0101110100010111
0001111010110000
1101011110100011
0000101000111011
1110111100101000
1101010110110111
1001010100011100
1101101000001100
1110011001000101
1001001111110001
1100101100011001
1101011000111000
0100010001001001
0111111111100001
0001111111000101
0000100110010011
1010110001001001
1101010111001011
0010000010100010
0111000011101101
0111111100001010
0010001111010001
0001011010101111
1011111011111011
1011110011011111
0011011111001011
0000010000000100
1101011101110000
0011101000000101
0110011111110110
0011111001000001
1010101101110110
0110110101011100
0010011110000111
0000101101111110
0010100111101011
1010101100111111
1111111011111101
0010010010001100
0001001110100111
1010000000111101
0000000100101110
0001001110000111
1100101000101111
0001001000111011
0011110110001001
0110101001100000
0110010001110010
0100100110111001
0111111000111111
0010000010111110
0001110100000100
1100011010001100
1001000001011111
1010101011100111
1001010001011111
0110101111010111
1010110110100000
1001101101010000
0011001001011010
0011110011111111
1000111000100011
0000000100111001
0000011110011100
1001110110110101
0011011000111110
0001101001111101
1100111001001101
1111110111001100
1111110001111111
1100000000011010
0100100100111110
0100110111001000
0000101110010101
1111001000111110
1110001011010010
0111011111111110
1010101101001100
0111111101101111
0111010010000000
0001010101010011
0010111001100000
1001110111110100
0101001000011101
0001001110110100
1001110001011001
1010010001010110
0010010100110000
0001001110110011
0000000010101000
1100101101011010
0110001010000010
0001010001100000
1111110101001001
0110001101110001
0000110110000101
1010111010010001
1100010001001011
0000111001111111
0111010011010000
1011010110111000
0111010100111011
1111001100010000
1111110011010101
0101011001001001
0000110011010110
1001110011100111
1011101000111110
1101011011111101
0100111010001111
0110110010010011
1110000000000010
0111001010111011
0000001000101010
0000111001110010