0000000001010000
0000000010101000
0000000100101110
0000000100111001
0000000100111101
0000000110010100
0000001000101010
0000001101000010
0000010000000100
0000010010100111
0000010010101110
0000011011001010
0000011110011100
0000100000101010
0000100110010011
0000100110101101
0000100111001111
0000101000111001
0000101000111011
0000101101111110
0000101110010101
0000110000001000
0000110011010110
0000110100101101
0000110110000101
0000110111011010
0000111001110010
0000111001111111
0001000111000100
0001001000111011
0001001110000111
0001001110100111
0001001110110011
0001001110110100
0001010001001110
0001010001100000
0001010011111010
0001010100100000
0001010101010011
0001011010101111
0001011011001110
0001100011111100
0001100110001101
0001101001111101
0001101010000010
0001110100000100
0001111010110000
0001111100000110
0001111110100010
0001111111000101
0010000010100010
0010000010111110
0010001101110100
0010001111010001
0010001111010011
0010010010001100
0010010100110000
0010011110000111
0010100101101011
0010100111101011
0010110101111111
0010111001100000
0010111010100001
0011000000011011
0011000010101011
0011001001011010
0011001111110010
0011011000111110
0011011100000010
0011011111001011
0011101000000101
0011110001101000
0011110011111110
0011110011111111
0011110100100100
0011110110001001
0011110110111001
0011111001000001
0011111010011001
0100000000101011
0100000110101010
0100001110101111
0100010001001001
0100011001111101
0100100100111110
0100100110111001
0100110000001110
0100110111001000
0100111010001111
0100111100100100
0101000001110010
0101000100100100
0101001000011101
0101011001001001
0101100010010011
0101100011110110
0101101001100110
0101101111111010
0101110100010111
0101110110110000
0101111000000011
0110000110010100
0110001001010010
0110001010000010
0110001101110001
0110010001110010
0110011111000001
0110011111110110
0110100001101111
0110101001100000
0110101011010100
0110101011111111
0110101110001010
0110101111001001
0110101111010111
0110110001001110
0110110010010011
0110110100010111
0110110100110001
0110110101011100
0110110110110100
0111000011101101
0111000100000111
0111000110001001
0111001010111011
0111001011111011
0111010001010101
0111010010000000
0111010011010000
0111010100101010
0111010100111011
0111011100111101
0111011110100011
0111011111111110
0111100100011000
0111101010000100
0111110100010111
0111110111001000
0111111000010110
0111111000011111
0111111000111111
0111111001110010
0111111100001010
0111111101101111
0111111111100001
1000001001111110
1000100000110001
1000100010100010
1000100101010100
1000100101110000
1000101101001010
1000101111011000
1000110000101011
1000110110011110
1000111000100011
1001000000110010
1001000001011111
1001000011001011
1001001111110001
1001010000010011
1001010001011111
1001010100011100
1001101011110111
1001101101010000
1001101111110110
1001110001000110
1001110001011001
1001110011100111
1001110110110101
1001110111110100
1001111010110110
1010000000111101
1010010001010110
1010101011100111
1010101100111111
1010101101001100
1010101101110110
1010110001001001
1010110101011010
1010110101101001
1010110110100000
1010111000000010
1010111010010001
1011001001110110
1011001010010100
1011001110001110
1011010110111000
1011011011000011
1011100100111000
1011101000111110
1011101111001000
1011110011011111
1011111011111011
1100000000011010
1100000111000100
1100001100101010
1100010001001011
1100010011011101
1100011001111111
1100011010001100
1100011010011110
1100011101010100
1100011110001000
1100100000001010
1100100110111111
1100101000101111
1100101100011001
1100101101011010
1100110000101011
1100111001001101
1100111001001111
1100111110010011
1100111111111011
1101000001110001
1101000010011111
1101000101011011
1101001000110011
1101001110100110
1101001110111110
1101010110110111
1101010111001011
1101010111101001
1101011000111000
1101011001011011
1101011011111101
1101011101110000
1101011110100011
1101101000001100
1101101110101010
1101110010101011
1101110111000100
1110000000000010
1110001011010010
1110001111000110
1110010100110011
1110010101101011
1110011001000101
1110101111000111
1110111100101000
1110111100110110
1111000000100111
1111001000000011
1111001000111110
1111001001110101
1111001100010000
1111010000000010
1111010000011011
1111010110110100
1111011011111101
1111110001111111
1111110010010110
1111110011010101
1111110101001001
1111110111001100
1111111001110001
1111111011111101
